A:[0.3, 'cal', [0.0, 1.0], 0.336, 0, array([0.33625997])]
B:[1.5, 'cal', [0.0, 3.0], 0.795, 0, array([0.79488904])]
C:[-15, 'cal', [-30.0, -5.0], -15.22, 0, array([-15.22026151])]
D:[30, 'cal', [10.0, 100.0], 31.025, 0, array([31.02452318])]
W_max:[100, 'cal', [0.5, 1.0], 0.5, 0, array([0.50043179])]
WW_fc:[0.32, 'cal', [0.29, 0.35], 0.331, 0, array([0.33127227])]
WW_w:[0.09, 'cal', [0.06, 0.12], 0.111, 0, array([0.11060172])]
rho_st:[0.4, 'cal', [0.3, 0.5], 0.33, 0, array([0.33029115])]
Kc0:[0.5, 'cal', [0.0, 1.0], 0.25, 0, array([0.25049596])]
