A:[0.3, 'cal', [0.0, 1.0], 0.4, 0, array([0.39978601]), array([0.39978601])]
B:[1.5, 'cal', [0.0, 3.0], 0.454, 0, array([0.45448069]), array([0.45448069])]
C:[-15, 'cal', [-30.0, -5.0], -13.965, 0, array([-13.96464259]), array([-13.96464259])]
D:[30, 'cal', [10.0, 100.0], 23.792, 0, array([23.79201305]), array([23.79201305])]
WW_fc:[0.32, 'cal', [0.29, 0.35], 0.349, 0, array([0.34946287]), array([0.34946287])]
WW_w:[0.09, 'cal', [0.06, 0.12], 0.077, 0, array([0.07746325]), array([0.07746325])]
rho_st:[0.4, 'fix', ['/', '/'], 0.4, '/']
Kc0:[0.5, 'cal', [0.0, 1.0], 0.297, 0, array([0.29719947])]
