A:[0.3, 'cal', [0.0, 1.0], 0.34, 0, array([0.3402179])]
B:[1.5, 'cal', [0.0, 3.0], 0.792, 0, array([0.79224518])]
C:[-15, 'cal', [-30.0, -5.0], -15.138, 0, array([-15.13816143])]
D:[30, 'cal', [10.0, 100.0], 31.811, 0, array([31.81061288])]
WW_fc:[0.32, 'cal', [0.29, 0.35], 0.318, 0, array([0.31759222])]
WW_w:[0.09, 'cal', [0.06, 0.12], 0.095, 0, array([0.09483651])]
rho_st:[0.4, 'cal', [0.3, 0.5], 0.305, 0, array([0.30513819])]
Kc0:[0.5, 'cal', [0.0, 1.0], 0.242, 0, array([0.24186114])]
