A:[0.3, 'cal', [0.0, 1.0], 0.325, 0, array([0.32514688])]
B:[1.5, 'cal', [0.0, 3.0], 0.842, 0, array([0.84175911])]
C:[-15, 'cal', [-30.0, -5.0], -14.284, 0, array([-14.28388652])]
D:[30, 'cal', [10.0, 100.0], 31.977, 0, array([31.97651829])]
WW_fc:[0.32, 'cal', [0.29, 0.35], 0.31, 0, array([0.30953792])]
WW_w:[0.09, 'cal', [0.06, 0.12], 0.084, 0, array([0.0836428])]
rho_st:[0.4, 'cal', [0.3, 0.5], 0.348, 0, array([0.34758568])]
Kc0:[0.5, 'cal', [0.0, 1.0], 0.548, 0, array([0.54763261])]
