A:[0.3, 'cal', [0.01, 1.0], 0.472, 0, array([0.47161091])]
B:[1.5, 'cal', [0.1, 3.0], 0.387, 0, array([0.38687987])]
C:[-15, 'cal', [-30.0, -5.0], -14.032, 0, array([-14.03230894])]
D:[30, 'cal', [10.0, 100.0], 23.502, 0, array([23.50170852])]
W_max:[100, 'cal', [1.0, 30.0], 3.709, 0, array([3.7093034])]
WW_fc:[0.32, 'cal', [0.29, 0.35], 0.337, 0, array([0.33743157])]
WW_w:[0.09, 'cal', [0.06, 0.12], 0.075, 0, array([0.07497476])]
rho_st:[0.4, 'cal', [0.3, 0.5], 0.344, 0, array([0.34351424])]
Kc0:[0.5, 'cal', [0.1, 1.5], 0.144, 0, array([0.14394768])]
